10387
13782
42668
57480
10615
44244
56529
27477
61537
14689
46840
21802
47903
61372
8458
52317
11951
54478
61208
35208
12906
63300
27589
5605
50651
45090
63619
46505
9188
21749
4059
26240
42967
29378
31754
43458
11582
61482
55427
33133
38478
56193
60091
64760
59664
54987
10492
29079
64766
62461
64634
26354
2985
55301
14694
59405
64577
22198
44019
13820
58489
42391
59094
25012
48884
15264
7837
35269
39164
30836
26664
64124
42057
774
14040
14582
28474
15843
15404
46683
39722
17167
34182
3615
26417
8800
53526
62143
18998
61511
61316
22211
13264
59346
47210
42324
17543
5590
41719
38279
23887
54512
46519
1860
39115
46705
59214
34488
63494
13273
39396
20048
32080
56087
60007
36027
58398
17984
42981
8037
47387
35114
60488
2081
64435
19893
13068
30855
44841
21885
4670
5469
60984
50907
16993
59980
40555
36443
47477
43114
51538
16042
18335
6949
48677
33456
22592
1234
22624
14587
25555
47421
23473
16583
56497
7914
38249
30724
18105
12717
1002
17232
65076
35129
24377
38025
28994
48708
4001
59300
10061
12110
35272
16089
34545
40242
40943
13425
29620
17806
10063
45286
25854
36931
13394
27714
48734
33710
39319
53777
59736
4991
35272
9119
57919
62958
37996
19826
44804
5481
24439
5798
8134
28481
47933
25526
34932
23835
4741
50784
4208
60668
60749
37344
11210
13579
49194
64054
45284
2743
42261
16003
22572
25397
49708
40513
53622
64370
2207
32580
46734
61923
59210
7013
44043
23353
27139
45240
56236
52850
48705
12899
30135
37581
91
2796
7179
52652
42867
38752
33175
29962
37578
38194
22073
14242
9827
1929
61867
13345
43116
56313
29356
38699
6529
22213
458
51916
37194
37835
7160
11095
5120
65459
45035
31766
17842
58559
7471
920
4784
5206
58450
6763
43652
29173
59312
33118
10776
2610
17267
23805
16980
20710
64698
46186
39239
49337
33411
43181
46201
3235
23159
51487
57880
19787
28439
22550
56419
33105
38760
35463
9442
35893
55624
48223
17623
54385
2649
52192
715
12886
14128
50928
3034
3787
14410
26588
46917
8053
10186
35378
11651
58638
50420
26095
61015
64865
62072
34293
7402
3186
19927
49236
6857
52308
49093
557
25583
4337
60158
14246
46163
55645
36638
37137
48028
747
35797
39731
54108
49059
56472
12243
45128
31303
2511
61283
5366
33229
33034
25479
28108
23898
38324
58846
36631
31994
38400
7648
49523
37427
6097
11604
57935
62194
3674
11233
47213
16665
13919
14584
9058
11663
17298
28336
33512
38726
63721
16944
27801
51590
61197
9486
27951
2363
27259
28913
25520
35594
58848
6729
53592
60478
12250
18901
59043
15090
29931
42388
56686
57035
49700
47853
24277
28513
27220
781
60198
57362
57741
25282
61255
53006
45205
46587
61304
9941
57107
63261
53216
21176
57030
20996
14782
49201
36704
896
44279
17504
18642
16203
21290
48941
5185
37230
53149
16455
59833
52185
20662
19990
11608
44772
10339
18404
63759
8884
21214
17156
27640
12708
5015
2877
7258
36723
16329
61717
31059
34875
54058
59733
60429
52059
64943
53299
39262
58326
18368
52398
62248
61232
38050
15729
47142
34907
26535
62713
26573
2894
43021
1624
39530
39506
20385
62339
39509
21961
43390
43442
15796
21654
36558
39925
32677
21648
65449
14506
3928
10718
31776
28526
51931
26585
7584
35654
25849
63630
63773
5152
49553
40792
12214
2976
35982
8549
738
49119
21830
54020
38041
45918
56579
1013
55205
6238
5046
36458
53881
63306
27629
7681
17459
61441
12076
31690
6503
17682
28648
52517
57885
29310
14101
41623
44337
26497
58018
31853
44176
51387
6241
64245
49766
40399
43174
55725
22295
63388
42106
36450
29523
29386
24673
35035
16060
49586
11484
39854
29459
26875
64770
44461
41792
40962
47255
64202
3605
24840
32031
36397
4972
31311
63561
19260
55459
14319
24658
33576
40113
41881
25685
20015
9557
31471
64047
26000
23432
50126
57439
11103
65142
14116
25662
43573
32607
50128
54880
18028
59085
56120
39911
26496
45564
34124
64215
47185
5969
55727
19576
37641
6039
11282
53979
30466
18594
15008
57516
57130
51749
731
42022
45935
22647
37884
47714
49911
51086
37304
44627
64631
17467
61345
55921
24887
51142
20630
27621
17281
913
65235
54703
13639
21767
31878
8413
62924
50813
39672
44981
42747
52638
64196
11241
64423
64618
64405
5871
59637
44048
57510
26225
38179
21066
14828
35051
52992
36744
11247
24344
47600
34688
45771
6426
40023
972
29483
24944
55422
37473
38743
61273
9218
62773
55823
3309
36489
3691
34287
5894
63391
4696
25108
46183
15275
22411
21620
57965
52034
6773
50093
57006
7326
1809
19840
63958
42826
15550
22747
2044
62541
49182
628
10371
64330
14874
17935
13143
9683
23224
31827
7514
10095
61439
64125
61976
35086
34257
1491
40991
39941
20587
21865
18239
12648
59875
299
12132
16624
36917
14861
13121
54514
44782
15474
38561
29005
33323
8209
50283
32767
2569
65436
53012
31121
43710
15052
16165
51152
8136
40822
26978
12494
38195
9653
20626
48391
6686
47394
53520
63480
22665
41153
17762
29934
51604
23020
63057
9303
1958
52118
60894
7880
35566
16270
19901
40067
64874
31444
12151
16574
29583
3373
41210
14727
37555
46795
17245
58903
63566
51626
56926
20501
53643
12148
18674
16073
23413
15373
61706
40935
9708
30079
8735
28330
12323
49960
44589
51637
57836
5306
34508
4271
10837
5570
3901
22109
43057
16446
56342
16660
17466
61647
17520
19486
29946
40212
41724
55128
64175
6558
42441
18704
2866
56383
16796
55139
1010
16884
11376
7213
59
16751
33085
1860
27888
19587
59702
57507
32387
59314
23225
1376
31425
10288
57461
45363
7174
37359
37387
12541
1847
63771
52915
9181
53058
6418
12562
13688
20614
36444
40112
57386
8793
5661
10444
3758
23928
13275
46291
52404
16723
14980
16277
60228
10418
51155
65298
33496
26047
58790
64056
26597
48878
39875
969
61875
28465
59946
23764
15542
23879
4342
39204
23492
11593
8856
14314
40045
26082
4323
35343
9429
64849
26759
13588
13039
45734
31223
55496
14368
58010
48673
65072
59220
26307
22953
39562
10417
11803
64995
43284
17329
57653
21727
60660
37005
7948
12502
2308
43795
56216
61423
12570
40217
41844
49071
42628
21628
4571
32742
35681
10696
34020
3966
58690
22491
2243
28362
41634
17427
